66666 0000   10 0001 1401 0 6 Lingling                           20150324
2014011714 1  98 1279 1006      13
2014011720 1  97 1276 1006      13
2014011802 1  96 1274 1006      13
2014011808 1  94 1275 1002      15
2014011814 2  91 1278 1000      18
2014011820 2  86 1280 1000      18
2014011902 2  80 1281 1000      18
2014011908 2  75 1281 1000      18
2014011914 1  72 1281 1002      15
2014011920 1  69 1281 1006      13
66666 0000   15 0002 1402 0 6 Kajiki                             20150324
2014012908 1  99 1432 1004      13
2014012914 1  97 1418 1004      13
2014012920 1  93 1406 1004      13
2014013002 1  88 1394 1004      13
2014013008 1  86 1378 1004      13
2014013014 1  82 1363 1002      15
2014013020 1  86 1345 1002      15
2014013102 1  90 1328 1002      15
2014013108 2  95 1305 1000      18
2014013114 2 100 1281  998      20
2014013120 2 100 1263  995      23
2014020102 2 105 1238  995      23
2014020108 2 108 1218 1000      18
2014020114 1 112 1202 1002      15
2014020120 0 113 1181 1008      10
66666 0000   29 0003 1403 0 6 Faxai                              20150324
2014022720 1  88 1478 1002      13
2014022802 1  86 1480 1002      13
2014022808 1  84 1481 1000      15
2014022814 1  85 1484 1000      15
2014022820 2  87 1487  998      18
2014022902 2  88 1491  998      18
2014030108 2  85 1495  998      18
2014030114 2  87 1497  998      18
2014030120 2  90 1500  994      20
2014030202 2  94 1498  994      20
2014030208 2  95 1492  990      23
2014030214 2  95 1487  990      23
2014030220 2  99 1493  990      23
2014030302 2 103 1493  990      23
2014030308 3 110 1495  985      25
2014030314 3 121 1494  985      25
2014030320 3 130 1495  985      25
2014030402 3 137 1496  982      28
2014030408 3 148 1500  982      28
2014030414 3 161 1506  980      30
2014030420 4 175 1513  975      33
2014030502 4 188 1517  970      35
2014030508 3 201 1527  980      30
2014030514 3 212 1533  984      28
2014030520 2 219 1540  990      23
2014030602 2 222 1548  994      18
2014030608 9 230 1559  998      15
2014030614 9 235 1575  998      15
2014030620 9 235 1588 1000      13
66666 0000   10 0004 0000 0 6 (nameless)                         20150324
2014032208 1  95 1269 1002      13
2014032214 1  97 1263 1000      15
2014032220 1  98 1255 1002      13
2014032302 1  95 1250 1002      13
2014032308 0  94 1243 1005      10
2014032314 0  95 1235 1005      10
2014032320 0  97 1226 1005      10
2014032402 1  96 1212 1002      13
2014032408 1  93 1199 1002      13
2014032414 0  91 1188 1005      10
66666 0000   28 0005 1404 0 6 Peipah                             20150324
2014040308 1  17 1474 1004      13
2014040314 1  18 1465 1004      13
2014040320 1  20 1460 1004      13
2014040402 1  21 1453 1004      13
2014040408 1  26 1446 1000      15
2014040414 1  32 1441 1000      15
2014040420 1  35 1432 1000      15
2014040502 1  39 1419 1000      15
2014040508 2  41 1406  998      18
2014040514 2  47 1396  998      18
2014040520 2  50 1386  998      18
2014040602 2  53 1378  998      18
2014040608 2  60 1370  998      18
2014040614 2  64 1359  998      18
2014040620 2  69 1351  998      18
2014040702 2  70 1344  998      18
2014040708 2  70 1333  998      18
2014040714 2  65 1322  998      18
2014040720 2  64 1317  998      18
2014040802 2  67 1314  998      18
2014040808 2  71 1309  998      18
2014040814 2  76 1304  998      18
2014040820 2  80 1300  998      18
2014040902 2  81 1302  998      18
2014040908 2  82 1303  998      18
2014040914 2  82 1303  998      18
2014040920 1  83 1304 1000      15
2014041002 1  81 1306 1004      13
66666 0000   22 0006 1405 0 6 Tapah                              20150324
2014042708 1 100 1462 1002      13
2014042714 1 108 1465 1000      15
2014042720 1 115 1467 1000      15
2014042802 1 121 1468 1000      15
2014042808 2 125 1469  998      18
2014042814 2 132 1471  995      20
2014042820 2 140 1475  990      23
2014042902 3 147 1475  988      25
2014042908 3 156 1474  980      30
2014042914 3 164 1473  980      30
2014042920 3 171 1474  980      30
2014043002 3 181 1474  985      28
2014043008 3 187 1473  985      28
2014043014 3 193 1471  988      25
2014043020 2 198 1469  990      23
2014050102 2 205 1462  995      20
2014050108 1 213 1452 1000      15
2014050114 1 220 1443 1000      15
2014050120 1 228 1436 1002      13
2014050202 1 236 1438 1002      13
2014050208 1 241 1442 1004      13
2014050214 9 249 1450 1006      13
66666 0000   13 0007 1406 0 6 Mitag                              20150324
2014060908 1 207 1200 1000      13
2014060914 1 207 1207 1000      13
2014060920 1 208 1210 1000      13
2014061002 1 210 1213  998      15
2014061008 1 213 1218  998      15
2014061014 1 220 1225  998      15
2014061020 1 223 1235  998      15
2014061102 1 229 1247  998      15
2014061108 1 232 1258  998      15
2014061114 2 242 1277  996      18
2014061120 2 255 1302  996      18
2014061202 2 272 1327  994      20
2014061208 9 289 1358  994      18
66666 0000   29 0008 1407 1 6 Hagibis                            20150324
2014061320 1 198 1166  996      15
2014061402 1 201 1169  996      15
2014061408 1 204 1169  994      15
2014061414 2 207 1168  992      18
2014061420 2 211 1168  990      20
2014061502 2 216 1168  988      23
2014061508 2 222 1167  988      23
2014061514 2 228 1167  986      23
2014061520 2 233 1165  994      18
2014061602 1 237 1165  998      15
2014061608 1 243 1169  998      15
2014061614 1 252 1177  998      15
2014061620 1 259 1190  998      15
2014061702 1 268 1205  998      15
2014061708 1 278 1228  998      15
2014061714 2 284 1256  994      18
2014061720 2 293 1299  994      18
2014061802 2 297 1334  994      18
2014061808 9 308 1378  998      15
2014061814 9 314 1405  998      15
2014061820 9 318 1426  998      15
2014061902 9 321 1449  996      18
2014061908 9 327 1479  996      18
2014061914 9 328 1501  994      20
2014061920 9 329 1523  996      18
2014062002 9 331 1540  998      15
2014062008 9 334 1561 1000      15
2014062014 9 339 1583 1004      13
2014062020 9 349 1598 1006      13
66666 0000   36 0009 1408 0 6 Neoguri                            20150324
2014070220 1  80 1462 1002      13
2014070302 1  85 1455 1002      13
2014070308 1  90 1449 1000      15
2014070314 1  97 1445 1000      15
2014070320 1 104 1439 1000      15
2014070402 2 114 1432  998      18
2014070408 2 122 1422  998      18
2014070414 3 130 1415  990      25
2014070420 4 139 1404  975      33
2014070502 4 145 1391  970      35
2014070508 4 152 1382  965      40
2014070514 5 160 1371  955      42
2014070520 5 167 1360  950      45
2014070602 5 175 1345  945      48
2014070608 5 180 1330  945      48
2014070614 5 184 1316  940      50
2014070620 5 190 1303  940      50
2014070702 6 196 1291  930      55
2014070708 6 205 1283  930      55
2014070714 6 216 1273  930      55
2014070720 6 224 1268  935      52
2014070802 6 237 1262  935      52
2014070808 6 250 1261  935      52
2014070814 6 265 1257  935      52
2014070820 5 277 1257  940      50
2014070902 5 289 1259  950      45
2014070908 4 303 1261  965      38
2014070914 4 315 1266  970      33
2014070920 3 318 1277  975      30
2014071002 3 320 1292  980      28
2014071008 3 321 1313  985      25
2014071014 3 330 1343  985      25
2014071020 2 338 1364  988      23
2014071102 2 347 1391  988      23
2014071108 2 364 1418  990      18
2014071114 9 380 1432  990      18
66666 0000   40 0010 1409 0 6 Rammasun                           20150324
2014071008 1  88 1523 1008      13
2014071014 1  97 1516 1008      13
2014071020 1 108 1505 1008      13
2014071102 1 115 1495 1006      15
2014071108 1 119 1483 1006      15
2014071114 1 125 1473 1006      15
2014071120 1 131 1463 1006      15
2014071202 1 133 1455 1006      15
2014071208 1 135 1446 1006      15
2014071214 2 135 1432 1002      18
2014071220 2 134 1415  998      20
2014071302 2 134 1401  998      20
2014071308 2 135 1384  998      20
2014071314 2 137 1365  998      20
2014071320 2 135 1344  992      23
2014071402 2 135 1325  992      23
2014071408 3 133 1306  990      25
2014071414 3 130 1293  980      30
2014071420 4 127 1282  970      35
2014071502 4 127 1269  960      40
2014071508 4 128 1257  960      40
2014071514 5 130 1247  945      48
2014071520 6 133 1234  930      55
2014071602 5 140 1219  940      50
2014071608 4 143 1204  960      40
2014071614 4 151 1191  975      33
2014071620 4 155 1178  970      35
2014071702 4 160 1167  965      38
2014071708 4 164 1158  960      40
2014071714 5 168 1150  950      45
2014071720 5 175 1143  930      50
2014071802 6 185 1134  920      58
2014071808 6 191 1123  900      65
2014071814 6 199 1113  888      72
2014071820 6 203 1103  910      60
2014071902 6 210 1094  935      52
2014071908 5 217 1083  945      48
2014071914 4 221 1073  970      33
2014071920 2 229 1062  990      23
2014072002 2 230 1051  996      18
66666 0000   37 0011 1410 0 6 Matmo                              20150324
2014071708 1  98 1360 1002      15
2014071714 1  99 1357 1000      15
2014071720 1 100 1354 1000      15
2014071802 2 103 1353  998      18
2014071808 2 105 1351  998      18
2014071814 2 108 1345  995      20
2014071820 2 109 1335  995      20
2014071902 3 110 1324  990      25
2014071908 3 110 1315  985      28
2014071914 3 112 1310  980      30
2014071920 4 116 1306  975      33
2014072002 4 120 1301  970      35
2014072008 4 128 1297  970      35
2014072014 4 136 1291  970      35
2014072020 4 142 1285  970      35
2014072102 4 151 1279  970      35
2014072108 4 167 1272  970      35
2014072114 4 180 1264  970      35
2014072120 4 185 1254  970      35
2014072202 4 194 1245  965      38
2014072208 4 205 1238  960      40
2014072214 5 219 1227  955      42
2014072220 5 224 1220  955      42
2014072302 4 234 1210  960      40
2014072308 4 244 1201  975      33
2014072314 3 250 1197  980      30
2014072320 3 257 1188  988      25
2014072402 2 264 1181  990      23
2014072408 2 277 1178  992      20
2014072414 2 291 1178  992      20
2014072420 2 306 1177  992      20
2014072502 2 323 1181  992      20
2014072508 2 339 1192  992      20
2014072514 9 358 1209  992      20
2014072520 9 379 1231  994      18
2014072602 9 386 1243  994      15
2014072608 9 394 1262  998      15
66666 0000   68 0012 1411 0 6 Halong                             20150324
2014072808 1 114 1510 1004      13
2014072814 1 116 1502 1004      13
2014072820 1 118 1494 1002      13
2014072902 1 121 1489 1000      15
2014072908 1 123 1483 1000      15
2014072914 2 128 1478  998      18
2014072920 2 132 1473  995      20
2014073002 2 136 1463  992      23
2014073008 2 139 1454  992      23
2014073014 2 142 1446  992      23
2014073020 2 143 1437  992      23
2014073102 2 146 1428  992      23
2014073108 2 150 1420  992      23
2014073114 3 152 1413  990      25
2014073120 3 149 1405  985      28
2014080102 3 146 1398  985      28
2014080108 3 143 1392  980      30
2014080114 3 146 1384  980      30
2014080120 4 149 1377  975      33
2014080202 4 149 1370  960      38
2014080208 5 150 1365  950      45
2014080214 6 150 1358  940      52
2014080220 6 150 1351  925      58
2014080302 6 152 1346  920      60
2014080308 6 153 1340  915      62
2014080314 6 156 1331  915      62
2014080320 6 158 1323  925      58
2014080402 6 162 1314  935      55
2014080408 5 165 1308  945      50
2014080414 5 170 1304  950      45
2014080420 5 176 1300  955      42
2014080502 5 183 1298  955      42
2014080508 4 192 1298  960      40
2014080514 4 201 1297  960      40
2014080520 4 209 1300  960      40
2014080602 4 217 1301  960      40
2014080608 5 224 1303  955      42
2014080614 5 232 1306  950      45
2014080620 5 237 1310  950      45
2014080702 5 243 1314  950      45
2014080708 5 250 1317  950      45
2014080714 5 257 1316  950      45
2014080720 4 263 1316  960      40
2014080802 4 268 1315  960      40
2014080808 4 273 1316  965      38
2014080814 4 282 1315  965      38
2014080820 4 287 1316  970      35
2014080902 4 294 1319  970      35
2014080908 4 305 1322  970      35
2014080914 4 313 1324  970      35
2014080920 4 322 1330  970      35
2014081002 4 330 1333  970      35
2014081008 4 342 1343  970      33
2014081014 3 363 1358  980      30
2014081020 3 389 1370  980      30
2014081102 3 414 1371  980      28
2014081108 3 425 1371  980      28
2014081114 9 436 1370  980      28
2014081120 9 443 1370  982      25
2014081202 9 450 1372  985      23
2014081208 9 454 1378  990      20
2014081214 9 461 1386  994      20
2014081220 9 464 1395  998      18
2014081302 9 466 1408  998      18
2014081308 9 476 1424  998      18
2014081314 9 485 1441 1002      15
2014081320 9 484 1451 1004      13
2014081402 9 483 1461 1006      13
66666 0000   25 0013 1412 0 6 Nakri                              20150324
2014072908 1 183 1312 1000      13
2014072914 1 185 1308  998      15
2014072920 1 188 1305  998      15
2014073002 2 193 1300  995      18
2014073008 2 206 1296  995      18
2014073014 2 219 1290  995      18
2014073020 2 225 1286  995      18
2014073102 2 233 1280  995      18
2014073108 2 242 1268  992      18
2014073114 2 252 1266  985      20
2014073120 2 261 1269  985      20
2014080102 2 274 1280  985      20
2014080108 2 286 1270  985      23
2014080114 3 294 1260  982      25
2014080120 3 303 1257  982      25
2014080202 3 314 1252  982      25
2014080208 3 322 1247  982      25
2014080214 2 328 1246  985      23
2014080220 2 334 1247  985      23
2014080302 2 343 1248  988      20
2014080308 1 349 1250  990      15
2014080314 1 352 1253  990      15
2014080320 1 355 1256  990      15
2014080402 1 358 1260  990      15
2014080408 1 358 1268  995      13
66666 0000   81 0014 1413 0 6 Genevieve                          20150324
2014072514 1 120 2260 1005      15
2014072520 1 120 2250 1005      15
2014072602 1 119 2245 1005      15
2014072608 1 120 2241 1005      15
2014072614 1 121 2238 1005      15
2014072620 1 122 2233 1005      15
2014072702 1 124 2225 1005      15
2014072708 1 124 2212 1005      15
2014072714 1 124 2203 1005      15
2014072720 1 124 2194 1005      15
2014072802 1 124 2179 1005      15
2014072808 1 125 2165 1005      15
2014072814 1 127 2155 1005      15
2014072820 1 129 2144 1005      15
2014072902 1 128 2135 1008      13
2014072908 1 128 2131 1008      13
2014072914 1 129 2128 1008      13
2014072920 1 129 2125 1008      13
2014073002 1 129 2120 1005      15
2014073008 1 130 2117 1005      15
2014073014 1 129 2113 1005      15
2014073020 1 128 2107 1005      15
2014073102 1 128 2101 1005      15
2014073108 1 128 2099 1005      15
2014073114 1 129 2098 1005      15
2014073120 1 130 2095 1005      15
2014080102 1 130 2092 1005      15
2014080108 1 129 2088 1005      15
2014080114 1 128 2083 1008      13
2014080120 1 128 2078 1008      13
2014080202 1 125 2073 1008      13
2014080208 1 124 2063 1008      13
2014080214 1 120 2055 1008      13
2014080220 1 115 2040 1008      13
2014080302 1 108 2029 1008      13
2014080308 1 100 2020 1005      15
2014080314 1  99 2011 1005      15
2014080320 1  96 2005 1005      15
2014080402 1  93 1996 1005      15
2014080408 1  89 1981 1005      15
2014080414 1  92 1965 1005      15
2014080420 1  96 1952 1005      15
2014080502 1  97 1937 1005      15
2014080508 1 102 1920 1005      15
2014080514 1 105 1907 1005      15
2014080520 1 109 1895 1005      15
2014080602 2 111 1877 1002      18
2014080608 2 114 1864  998      23
2014080614 3 119 1854  995      25
2014080620 4 125 1839  980      33
2014080702 4 132 1820  970      38
2014080708 5 138 1809  950      48
2014080714 6 144 1799  930      58
2014080720 6 151 1786  920      60
2014080802 6 157 1775  920      60
2014080808 6 162 1766  920      60
2014080814 6 169 1760  920      60
2014080820 6 176 1758  925      58
2014080902 6 185 1758  925      58
2014080908 6 197 1764  930      55
2014080914 6 212 1769  935      52
2014080920 5 227 1773  940      50
2014081002 5 246 1770  945      48
2014081008 5 266 1761  950      45
2014081014 5 285 1752  950      45
2014081020 5 302 1740  955      42
2014081102 4 315 1721  960      38
2014081108 4 328 1704  975      33
2014081114 3 339 1691  985      28
2014081120 2 344 1682  992      23
2014081202 2 347 1673  998      18
2014081208 2 350 1667  998      18
2014081214 1 353 1661 1000      15
2014081220 1 356 1656 1002      15
2014081302 1 358 1650 1004      13
2014081308 1 363 1646 1006      13
2014081314 1 370 1646 1006      13
2014081320 1 378 1654 1006      13
2014081402 1 382 1667 1006      13
2014081408 1 386 1685 1006      13
2014081414 1 391 1714 1006      13
66666 0000   11 0015 0000 0 6 (nameless)                         20150324
2014081820 1 209 1172 1006      15
2014081902 1 223 1169 1006      15
2014081908 1 237 1178 1004      15
2014081914 1 254 1176 1004      15
2014081920 1 266 1183 1004      13
2014082002 1 278 1201 1006      13
2014082008 1 294 1214 1006      13
2014082014 1 308 1221 1004      13
2014082020 1 329 1239 1004      13
2014082102 1 350 1261 1006      13
2014082108 1 367 1298 1006      13
66666 0000   25 0016 1414 0 6 Fengshen                           20150324
2014090514 1 186 1285 1002      13
2014090520 1 199 1276 1002      13
2014090602 1 210 1271 1002      13
2014090608 1 228 1268 1002      13
2014090614 1 242 1271 1000      15
2014090620 1 251 1278 1000      15
2014090702 1 264 1287 1000      15
2014090708 2 274 1297  998      18
2014090714 2 279 1309  995      20
2014090720 2 282 1326  990      23
2014090802 3 286 1340  988      25
2014090808 3 292 1357  985      28
2014090814 3 300 1373  985      28
2014090820 3 309 1390  985      28
2014090902 3 316 1406  980      30
2014090908 3 326 1427  980      30
2014090914 3 331 1448  985      28
2014090920 3 341 1469  988      25
2014091002 3 350 1489  988      25
2014091008 2 358 1525  990      23
2014091014 9 372 1562  992      20
2014091020 9 386 1592  995      18
2014091102 9 400 1636  998      15
2014091108 9 403 1677  998      15
2014091114 9 404 1728 1000      13
66666 0000    9 0017 0000 0 6 (nameless)                         20150324
2014090614 1 165 1166 1004      13
2014090620 1 172 1154 1004      13
2014090702 1 179 1142 1004      13
2014090708 1 185 1133 1004      13
2014090714 1 188 1126 1000      15
2014090720 1 192 1120 1000      15
2014090802 1 199 1114 1000      15
2014090808 1 206 1110 1000      15
2014090814 1 211 1104 1000      15
66666 0000   27 0018 1415 0 6 Kalmaegi                           20150324
2014091102 1 100 1410 1004      13
2014091108 1 115 1395 1004      13
2014091114 1 127 1384 1004      13
2014091120 1 137 1365 1004      13
2014091202 1 137 1338 1000      15
2014091208 1 137 1322 1000      15
2014091214 2 138 1308  998      18
2014091220 2 137 1301  995      20
2014091302 2 136 1294  992      23
2014091308 3 140 1287  990      25
2014091314 3 147 1275  980      30
2014091320 4 151 1266  975      33
2014091402 4 157 1258  975      33
2014091408 4 164 1246  970      35
2014091414 4 170 1234  970      35
2014091420 4 178 1218  970      35
2014091502 4 181 1196  975      33
2014091508 4 180 1180  975      33
2014091514 4 184 1162  970      35
2014091520 4 188 1145  965      40
2014091602 5 192 1129  960      42
2014091608 5 196 1116  960      42
2014091614 5 203 1099  960      42
2014091620 4 210 1085  960      40
2014091702 4 217 1067  975      33
2014091708 2 221 1048  992      23
2014091714 1 229 1028  998      15
66666 0000   31 0019 1416 0 6 Fung-wong                          20150324
2014091714 1 124 1322 1000      15
2014091720 1 126 1309 1000      15
2014091802 2 132 1296  998      18
2014091808 2 139 1284  998      18
2014091814 2 145 1271  998      18
2014091820 2 154 1259  998      18
2014091902 2 165 1243  995      20
2014091908 2 178 1226  995      20
2014091914 2 186 1213  990      23
2014091920 2 188 1205  990      23
2014092002 2 189 1200  990      23
2014092008 2 195 1198  990      23
2014092014 2 200 1197  990      23
2014092020 2 208 1198  990      23
2014092102 3 214 1200  985      25
2014092108 3 218 1203  982      28
2014092114 3 227 1212  982      28
2014092120 3 241 1219  982      28
2014092202 3 259 1221  985      25
2014092208 3 273 1219  985      25
2014092214 3 283 1219  985      25
2014092220 3 291 1220  985      25
2014092302 2 297 1218  990      23
2014092308 2 305 1215  995      20
2014092314 2 313 1215  998      18
2014092320 2 321 1225  998      18
2014092402 2 328 1238  998      18
2014092408 9 333 1251  998      18
2014092414 9 342 1274 1000      18
2014092420 9 361 1314 1002      18
2014092502 9 375 1350 1002      15
66666 0000   29 0020 1417 0 6 Kammuri                            20150324
2014092402 1 186 1498 1004      13
2014092408 1 192 1500 1002      13
2014092414 1 198 1501 1000      15
2014092420 2 201 1496  998      18
2014092502 2 202 1491  998      18
2014092508 2 203 1484  995      20
2014092514 2 204 1475  995      20
2014092520 2 206 1470  995      20
2014092602 2 211 1466  995      20
2014092608 2 217 1462  995      20
2014092614 2 225 1459  990      23
2014092620 3 232 1455  985      25
2014092702 3 242 1450  985      25
2014092708 3 252 1445  985      25
2014092714 3 263 1440  985      25
2014092720 2 272 1437  990      23
2014092802 2 282 1434  990      23
2014092808 2 293 1433  990      23
2014092814 2 307 1437  990      23
2014092820 2 316 1446  990      23
2014092902 2 324 1453  990      23
2014092908 2 333 1464  990      23
2014092914 2 343 1485  990      23
2014092920 2 354 1507  992      20
2014093002 2 367 1539  992      20
2014093008 9 380 1560  992      20
2014093014 9 392 1590  995      18
2014093020 9 406 1620  998      15
2014100102 9 410 1655  998      15
66666 0000   37 0021 1418 0 6 Phanfone                           20150324
2014092814 1 112 1570 1004      13
2014092820 1 117 1550 1002      13
2014092902 1 124 1533 1000      15
2014092908 1 127 1522 1000      15
2014092914 2 130 1511  998      18
2014092920 2 136 1502  995      20
2014093002 2 141 1494  990      23
2014093008 2 151 1481  990      23
2014093014 2 162 1470  990      23
2014093020 3 165 1455  988      25
2014100102 3 166 1445  985      28
2014100108 3 170 1437  980      30
2014100114 4 180 1426  975      33
2014100120 4 184 1412  970      35
2014100202 4 189 1402  960      40
2014100208 5 195 1390  950      45
2014100214 5 198 1382  950      45
2014100220 5 206 1374  950      45
2014100302 5 215 1363  950      45
2014100308 5 223 1354  950      45
2014100302 5 231 1347  950      45
2014100320 5 240 1339  950      45
2014100402 5 249 1333  940      50
2014100408 5 255 1328  940      50
2014100414 5 263 1323  940      50
2014100420 5 272 1317  950      45
2014100502 5 280 1313  950      45
2014100508 5 291 1314  950      45
2014100514 5 301 1318  955      42
2014100520 4 314 1333  960      40
2014100602 4 330 1354  965      38
2014100608 4 350 1383  970      33
2014100614 3 376 1430  975      30
2014100620 9 390 1472  980      28
2014100702 9 393 1525  995      25
2014100708 9 396 1576  990      20
2014100714 9 398 1632  992      18
66666 0000   56 0022 1419 1 6 Vongfong                           20150324
2014100220 1  76 1613 1002      13
2014100302 1  77 1605 1000      15
2014100308 1  79 1595 1000      15
2014100314 2  83 1585  998      18
2014100320 2  88 1575  998      18
2014100402 2  92 1561  992      23
2014100408 2  96 1551  992      23
2014100414 3 104 1539  990      25
2014100420 3 110 1530  985      28
2014100502 4 119 1517  975      33
2014100508 4 125 1499  970      35
2014100514 4 130 1483  970      35
2014100520 4 137 1468  965      38
2014100602 4 144 1452  965      38
2014100608 4 152 1433  965      38
2014100614 4 159 1414  965      38
2014100620 4 167 1397  965      38
2014100702 5 169 1380  955      42
2014100708 5 170 1364  945      48
2014100714 6 173 1352  935      55
2014100720 6 174 1342  910      65
2014100802 6 177 1332  900      68
2014100808 6 179 1322  900      68
2014100814 6 182 1315  900      68
2014100820 6 185 1309  900      68
2014100902 6 188 1304  910      65
2014100908 6 192 1300  915      62
2014100914 6 197 1299  920      60
2014100920 6 202 1295  925      58
2014101002 6 208 1294  930      55
2014101008 6 214 1294  935      52
2014101014 5 223 1293  938      50
2014101020 5 231 1293  938      50
2014101102 5 238 1290  942      48
2014101108 5 245 1288  950      45
2014101114 5 252 1286  950      45
2014101120 5 261 1283  950      45
2014101202 4 269 1277  955      40
2014101208 4 277 1272  960      35
2014101214 3 288 1271  970      30
2014101220 3 297 1275  975      28
2014101302 3 306 1286  975      28
2014101308 3 314 1304  975      25
2014101314 2 329 1327  980      23
2014101320 2 346 1359  985      20
2014101402 2 365 1391  985      20
2014101408 9 391 1428  990      18
2014101414 9 404 1464  990      18
2014101420 9 414 1493  990      18
2014101502 9 437 1524  990      18
2014101508 9 470 1560  990      18
2014101514 9 486 1600  990      18
2014101520 9 495 1645  990      18
2014101602 9 508 1694  990      18
2014101608 9 522 1739  995      15
2014101614 9 527 1785  995      15
66666 0000   34 0023 1420 0 6 Nuri     	                         20150324
2014103008 1 125 1410 1004      13
2014103014 1 126 1398 1004      13
2014103020 1 125 1388 1004      13
2014103102 1 124 1380 1002      15
2014103108 1 125 1372 1002      15
2014103114 2 126 1363  998      18
2014103120 2 128 1355  995      20
2014110102 2 129 1347  992      23
2014110108 3 130 1339  985      28
2014110114 3 134 1336  985      28
2014110120 4 141 1334  975      33
2014110202 4 149 1330  965      38
2014110208 5 155 1327  945      48
2014110214 6 163 1326  930      55
2014110220 6 172 1325  910      65
2014110302 6 178 1324  900      68
2014110308 6 184 1325  900      68
2014110314 6 191 1328  915      62
2014110320 6 198 1335  915      62
2014110402 6 206 1343  915      62
2014110408 6 213 1349  920      60
2014110414 6 222 1355  925      58
2014110420 6 230 1361  935      52
2014110502 5 239 1367  945      48
2014110508 5 247 1373  955      42
2014110514 4 256 1381  965      38
2014110520 4 264 1388  965      38
2014110602 4 272 1396  975      33
2014110608 3 281 1402  980      30
2014110614 3 297 1412  982      28
2014110620 3 321 1434  982      28
2014110702 9 343 1461  982      28
2014110708 9 372 1517  988      23
2014110714 9 421 1595  995      18
66666 0000   18 0024 1421 0 6 Sinlaku                            20150324
2014112608 1  82 1281 1002      13
2014112614 1  87 1268 1002      13
2014112620 1  92 1255 1000      15
2014112702 1  96 1243 1000      15
2014112708 1  99 1229 1000      15
2014112714 1 100 1213 1000      15
2014112720 1 102 1202 1000      15
2014112802 1 104 1190 1000      15
2014112808 2 110 1173  998      18
2014112814 2 114 1160  995      20
2014112820 2 118 1146  992      23
2014112902 2 122 1132  992      23
2014112908 3 128 1118  990      25
2014112914 3 132 1106  990      25
2014112920 3 133 1098  990      25
2014113002 2 134 1091  992      23
2014113008 2 135 1085  998      18
2014113014 1 135 1078 1002      13
66666 0000   48 0025 1422 0 6 Hagupit                            20150324
2014113020 1  28 1560 1004      13
2014120102 1  36 1546 1002      13
2014120108 1  41 1534 1000      15
2014120114 2  49 1522  998      18
2014120120 2  53 1507  995      20
2014120202 2  58 1488  992      23
2014120208 3  60 1471  990      25
2014120214 3  61 1451  985      28
2014120220 4  62 1435  975      33
2014120302 4  67 1420  965      38
2014120308 5  76 1404  955      42
2014120314 5  83 1385  950      45
2014120320 5  87 1368  945      48
2014120402 6  93 1353  930      55
2014120408 6  98 1338  915      62
2014120414 6 104 1324  900      68
2014120420 6 110 1313  900      68
2014120502 6 114 1304  910      65
2014120508 6 117 1296  920      60
2014120514 6 119 1290  920      60
2014120520 6 120 1285  920      60
2014120602 6 120 1280  930      55
2014120608 6 121 1274  930      55
2014120614 5 122 1266  940      50
2014120620 5 120 1259  940      50
2014120702 5 119 1253  950      45
2014120708 5 119 1246  955      42
2014120714 4 123 1241  960      40
2014120720 4 126 1236  965      38
2014120802 4 129 1231  975      33
2014120808 3 132 1224  980      30
2014120814 3 135 1218  980      30
2014120820 3 137 1212  985      28
2014120902 3 138 1209  990      25
2014120908 2 138 1206  995      20
2014120914 2 136 1197  995      20
2014120920 2 135 1185  995      20
2014121002 2 135 1175  995      20
2014121008 2 135 1167  990      23
2014121014 2 136 1160  990      23
2014121020 2 136 1153  990      23
2014121102 2 137 1144  990      23
2014121108 2 135 1133  995      20
2014121114 2 132 1123  998      18
2014121120 1 128 1115 1000      15
2014121202 1 120 1107 1000      15
2014121208 1 108 1100 1004      13
2014121214 1  92 1092 1004      13
66666 0000   19 0026 1423 0 6 Jangmi                             20150324
2014122802 1  78 1291 1004      13
2014122808 1  79 1285 1002      13
2014122814 1  80 1280 1000      15
2014122820 1  81 1273 1000      15
2014122902 2  84 1266  998      18
2014122908 2  88 1260  998      18
2014122914 2  93 1252  995      20
2014122920 2  98 1245  995      20
2014123002 2 101 1234  995      20
2014123008 2 102 1225  995      20
2014123014 2 101 1220  995      20
2014123020 2  99 1217  998      18
2014123102 1  95 1215 1000      15
2014123108 1  89 1213 1000      15
2014123114 1  82 1208 1000      15
2014123120 1  76 1200 1004      13
2015010102 1  71 1194 1004      13
2015010108 1  68 1188 1004      13
2015010114 1  66 1183 1004      13
